%YAML 1.2
---
camera_matrix:
  cols: 3
  data: [3830.995256547918, 0, 955.9209526376576, 0, 3652.502110917741, 541.3794756394582, 0, 0, 1]
  rows: 3
camera_name: camera1
distortion_coefficients:
  cols: 8
  data: [-0.3239853138852239, 3.655466434324591, -0.03389179123550706, 0.01794814359224162, -75.93188738291235, 0, 0, 0]
  rows: 1
distortion_model: plumb_bob
focal_length_meters: 0
image_height: 1080
image_width: 1920
projection_matrix:
  cols: 4
  data: [3830.995256547918, 0, 955.9209526376576, 0, 0, 3652.502110917741, 541.3794756394582, 0, 0, 0, 1, 0]
  rows: 3
rectification_matrix:
  cols: 3
  data: [1, 0, 0, 0, 1, 0, 0, 0, 1]
  rows: 3
